66634 2 33317
50615 5 53 191
91323 3 73 139
26820 2 3 5 149
98286 2 3 16381
91745 5 59 311
49917 3 7 2377
52997 7 67 113
74678 2 37339
27632 2 11 157
43546 2 21773
35264 2 19 29
10412 2 19 137
98151 3 32717
41310 2 3 5 17
88041 3 29347
67636 2 37 457
80460 2 3 5 149
101202 2 3 101 167
36438 2 3 6073
78026 2 13 3001
90716 2 22679
14219 59 241
40846 2 13 1571
26617 43 619
17141 61 281
51865 5 11 23 41
77029
13427 29 463
63832 2 79 101
82683 3 9187
22060 2 5 1103
16223
5320 2 5 7 19
49442 2 59 419
30947 7 4421
36111 3 12037
103384 2 12923
31949 43 743
98150 2 5 13 151
40474 2 7 59
89756 2 19 1181
102302 2 51151
35448 2 3 7 211
79349
10280 2 5 257
84349
98376 2 3 4099
40415 5 59 137
28368 2 3 197
52665 3 5 3511
101
32450 2 5 11 59
10330 2 5 1033
942 2 3 157
79359 3 7 3779
24131 59 409
13291
97815 3 5 6521
72581 181 401
82863 3 11 31
22448 2 23 61
43121 13 31 107
70519 97 727
47075 5 7 269
18214 2 7 1301
72819 3 29 31
357 3 7 17
81379 17 4787
1703 13 131
79538 2 39769
53413 31 1723
49846 2 24923
38552 2 61 79
62426 2 7 13
69767
61319 17 3607
86626 2 43313
5863 11 13 41
29041 113 257
90154 2 45077
8699
60722 2 97 313
43728 2 3 911
12202 2 6101
84070 2 5 7 1201
64746 2 3 11 109
4287 3 1429
13522 2 6761
103326 2 3 17 1013
36103 79 457
91634 2 45817
73908 2 3 2053
97508 2 19 1283
8266 2 4133
67004 2 7 2393
64063
95045 5 19009
102140 2 5 5107
46369 89 521
1844674407370955161 23 53301701 1504703107
