18446744073709551615
666343
463698
1021406
506156
913231
268205
982865
917451
499176
529973
746782
276324
435465
352649
104121
981518
413102
880413
676364
804603
1012028
364381
780260
907169
142193
408465
266175
171413
518652
770297
134273
638327
826830
220605
162237
53202
494421
309475
361113
1033840
319499
981506
404743
897560
1023027
354480
793492
102802
843491
983760
404152
283682
526652
1018
324508
103308
9422
793590
241316
132914
978150
725819
828636
224489
431210
705190
470751
182145
728190
3574
813793
17035
795384
534134
498463
385529
624262
697671
613191
866262
58631
290417
901545
86993
607222
437288
122029
840703
647460
42875
135229
1033268
361034
916343
739080
975089
82667
670049
640632
950453
